_539_<31> (1, 236.4, 171.2) (1, 260.4, 129.6) (1, 250.8, 169.6) (1, 170.8, 129.6) (1, 142.0, 109.6)
_539__31_bF$buf3 (1, 146.8, 46.8) (1, 87.60000000000001, 87.8) (1, 101.2, 27.6) (1, 82.0, 47.6) (1, 115.60000000000001, 47.6) (1, 115.60000000000001, 47.6)
_539__31_bF$buf2 (1, 198.0, 164.8) (1, 130.0, 167.6) (1, 206.0, 147.6) (1, 201.20000000000002, 124.8) (1, 178.8, 166.8) (1, 178.8, 166.8)
_539__31_bF$buf1 (1, 250.8, 186.8) (1, 246.0, 186.8) (1, 252.4, 268.8) (1, 255.6, 184.8) (1, 255.6, 184.8)
_539__31_bF$buf0 (1, 343.59999999999997, 126.8) (1, 281.2, 124.8) (1, 334.79999999999995, 133.6) (1, 345.2, 146.8) (1, 345.2, 146.8)
_539_<28> (1, 110.0, 191.2) (1, 116.4, 249.6) (1, 172.4, 189.6) (1, 118.0, 189.6) (1, 212.4, 229.6)
_539__28_bF$buf3 (1, 241.20000000000002, 206.8) (1, 238.79999999999998, 227.6) (1, 252.4, 206.8) (2, 204.4, 226.4) (1, 248.0, 208.4) (1, 248.0, 208.4)
_539__28_bF$buf2 (1, 110.0, 149.6) (1, 104.4, 147.6) (1, 124.4, 186.8) (1, 63.6, 127.8) (1, 71.60000000000001, 144.8) (1, 71.60000000000001, 144.8)
_539__28_bF$buf1 (1, 246.0, 166.8) (1, 282.79999999999995, 47.8) (1, 290.8, 171.6) (1, 295.6, 71.6) (1, 175.6, 67.8) (1, 175.6, 67.8)
_539__28_bF$buf0 (1, 137.20000000000002, 268.8) (1, 162.0, 267.6) (2, 126.0, 246.4) (1, 147.6, 247.6) (1, 147.6, 247.6)
clk (1, 147.6, 247.6) (1, 162.8, 188.8) (1, 50.8, 68.8) (1, 119.60000000000001, 68.8) (1, 15.6, 128.8) (1, 6.0, 188.8)
clk_bF$buf4 (1, 6.0, 188.8) (1, 6.0, 188.8) (1, 6.0, 188.8) (1, 6.0, 188.8) (1, 6.0, 188.8) (1, 6.0, 188.8) (1, 6.0, 188.8) (1, 6.0, 188.8)
clk_bF$buf3 (1, 6.0, 188.8) (1, 6.0, 188.8) (1, 6.0, 188.8) (1, 6.0, 188.8) (1, 6.0, 188.8) (1, 6.0, 188.8) (1, 6.0, 188.8) (1, 6.0, 188.8)
clk_bF$buf2 (1, 6.0, 188.8) (1, 6.0, 188.8) (1, 6.0, 188.8) (1, 6.0, 188.8) (1, 6.0, 188.8) (1, 6.0, 188.8) (1, 6.0, 188.8)
clk_bF$buf1 (1, 6.0, 188.8) (1, 6.0, 188.8) (1, 6.0, 188.8) (1, 6.0, 188.8) (1, 6.0, 188.8) (1, 6.0, 188.8) (1, 6.0, 188.8)
clk_bF$buf0 (1, 6.0, 188.8) (1, 6.0, 188.8) (1, 6.0, 188.8) (1, 6.0, 188.8) (1, 6.0, 188.8) (1, 6.0, 188.8) (1, 6.0, 188.8)
crc_en (1, 6.0, 188.8) (1, 356.4, 89.6) (1, 375.59999999999997, 49.6) (1, 151.6, 49.6) (1, 335.59999999999997, 89.6) (1, 129.20000000000002, 89.6)
crc_en_bF$buf4 (1, 74.80000000000001, 90.8) (1, 119.60000000000001, 130.8) (1, 24.4, 127.2) (1, 80.4, 127.2) (1, 71.60000000000001, 106.8) (1, 65.2, 110.8) (1, 65.2, 110.8)
crc_en_bF$buf3 (1, 311.59999999999997, 90.8) (1, 226.8, 90.8) (1, 298.0, 27.2) (1, 213.2, 67.2) (1, 270.0, 70.8) (1, 324.4, 30.8) (1, 324.4, 30.8)
crc_en_bF$buf2 (1, 136.39999999999998, 87.2) (1, 100.4, 50.8) (1, 139.6, 73.6) (1, 159.6, 210.8) (1, 146.0, 73.6) (1, 149.2, 207.2) (1, 149.2, 207.2)
crc_en_bF$buf1 (1, 381.2, 127.2) (1, 363.59999999999997, 87.2) (1, 373.2, 27.2) (1, 369.2, 50.8) (1, 369.2, 90.8) (1, 369.2, 90.8)
crc_en_bF$buf0 (1, 354.0, 267.2) (1, 374.0, 230.8) (1, 316.4, 210.8) (1, 270.0, 250.8) (1, 361.2, 130.8) (1, 361.2, 130.8)
_540_ (1, 361.2, 130.8) (1, 36.4, 109.6) (1, 33.199999999999996, 189.6) (1, 98.80000000000001, 169.6) (1, 98.80000000000001, 109.6) (1, 86.0, 229.6)
_540__bF$buf4 (1, 86.0, 229.6) (1, 86.0, 229.6) (1, 86.0, 229.6) (1, 86.0, 229.6) (1, 86.0, 229.6) (1, 86.0, 229.6) (1, 86.0, 229.6) (1, 86.0, 229.6)
_540__bF$buf3 (1, 86.0, 229.6) (1, 86.0, 229.6) (1, 86.0, 229.6) (1, 86.0, 229.6) (1, 86.0, 229.6) (1, 86.0, 229.6) (1, 86.0, 229.6) (1, 86.0, 229.6)
_540__bF$buf2 (1, 86.0, 229.6) (1, 86.0, 229.6) (1, 86.0, 229.6) (1, 86.0, 229.6) (1, 86.0, 229.6) (1, 86.0, 229.6) (1, 86.0, 229.6)
_540__bF$buf1 (1, 86.0, 229.6) (1, 86.0, 229.6) (1, 86.0, 229.6) (1, 86.0, 229.6) (1, 86.0, 229.6) (1, 86.0, 229.6) (1, 86.0, 229.6)
_540__bF$buf0 (1, 86.0, 229.6) (1, 86.0, 229.6) (1, 86.0, 229.6) (1, 86.0, 229.6) (1, 86.0, 229.6) (1, 86.0, 229.6) (1, 86.0, 229.6)
_539_<30> (1, 68.4, 151.2) (1, 239.6, 189.6) (1, 238.0, 149.6) (1, 92.4, 169.6) (1, 262.0, 209.6)
_539__30_bF$buf3 (2, 289.20000000000005, 246.4) (1, 306.79999999999995, 267.6) (1, 302.0, 268.8) (1, 302.0, 244.8) (1, 300.4, 226.8) (1, 300.4, 226.8)
_539__30_bF$buf2 (1, 54.0, 166.8) (1, 74.80000000000001, 126.8) (1, 106.80000000000001, 144.8) (1, 95.60000000000001, 147.8) (1, 114.0, 167.6) (1, 114.0, 167.6)
_539__30_bF$buf1 (1, 223.6, 26.8) (1, 220.4, 46.8) (1, 209.20000000000002, 104.8) (1, 180.4, 106.8) (1, 214.0, 26.8) (1, 214.0, 26.8)
_539__30_bF$buf0 (2, 298.8, 126.4) (1, 284.4, 127.8) (1, 255.6, 124.8) (1, 300.4, 184.8) (1, 250.8, 126.8) (1, 250.8, 126.8)
data_in<3> (1, 250.8, 126.8) (1, 372.4, 189.6) (1, 178.8, 189.6) (1, 127.60000000000001, 189.6) (1, 286.0, 189.6)
data_in_3_bF$buf3 (1, 298.79999999999995, 164.8) (1, 239.6, 167.6) (1, 292.4, 184.8) (1, 228.4, 184.8) (1, 312.4, 167.6) (1, 312.4, 167.6)
data_in_3_bF$buf2 (1, 127.60000000000001, 147.8) (1, 74.0, 207.6) (1, 61.2, 127.6) (1, 101.2, 227.6) (1, 101.2, 227.6)
data_in_3_bF$buf1 (1, 200.0, 168.4) (1, 207.6, 149.6) (1, 182.0, 171.6) (1, 204.4, 129.6) (1, 204.4, 129.6)
data_in_3_bF$buf0 (2, 343.6, 166.4) (1, 369.2, 226.8) (1, 336.4, 67.6) (1, 346.0, 7.6) (1, 346.0, 7.6)
_516_ (1, 346.0, 7.6) (1, 76.4, 209.6) (1, 164.4, 49.6) (1, 134.0, 49.6) (1, 58.8, 209.6) (1, 28.4, 69.6) (1, 52.4, 209.6)
_516__bF$buf5 (1, 48.400000000000006, 167.2) (1, 46.0, 271.6) (1, 37.2, 267.2) (1, 39.6, 251.6) (1, 42.0, 247.2) (1, 42.0, 167.2) (1, 57.2, 171.6) (1, 57.2, 171.6)
_516__bF$buf4 (1, 9.2, 51.6) (1, 42.0, 27.2) (1, 11.6, 47.2) (1, 42.800000000000004, 71.6) (1, 20.400000000000002, 51.6) (1, 39.6, 31.6) (1, 39.6, 31.6)
_516__bF$buf3 (1, 50.800000000000004, 231.6) (1, 42.0, 227.2) (1, 75.60000000000001, 227.2) (1, 44.4, 211.6) (1, 42.800000000000004, 191.6) (1, 46.800000000000004, 207.2) (1, 46.800000000000004, 207.2)
_516__bF$buf2 (1, 142.79999999999998, 7.2) (1, 86.0, 31.6) (1, 150.0, 51.6) (1, 86.8, 7.2) (1, 140.4, 11.6) (1, 84.39999999999999, 11.6) (1, 84.39999999999999, 11.6)
_516__bF$buf1 (1, 331.59999999999997, 187.2) (1, 274.8, 131.6) (1, 338.8, 31.6) (1, 375.6, 271.6) (1, 338.8, 171.6) (1, 224.39999999999998, 47.2) (1, 224.39999999999998, 47.2)
_516__bF$buf0 (1, 105.19999999999999, 251.6) (1, 86.0, 251.6) (1, 92.39999999999999, 211.6) (1, 83.60000000000001, 207.2) (1, 88.4, 247.2) (1, 84.39999999999999, 231.6) (1, 84.39999999999999, 231.6)
_539_<29> (1, 126.0, 211.2) (1, 220.4, 109.6) (1, 134.0, 189.6) (1, 226.8, 209.6) (1, 132.4, 109.6)
_539__29_bF$buf3 (1, 98.0, 47.6) (1, 112.4, 67.6) (2, 126.0, 46.4) (2, 44.4, 86.4) (1, 66.0, 47.6) (1, 66.0, 47.6)
_539__29_bF$buf2 (1, 255.6, 211.6) (1, 238.0, 204.8) (1, 254.0, 191.6) (1, 257.59999999999997, 188.4) (1, 233.20000000000002, 206.8) (1, 233.20000000000002, 206.8)
_539__29_bF$buf1 (1, 89.2, 206.8) (1, 210.0, 227.6) (1, 160.39999999999998, 187.6) (1, 149.2, 187.6) (1, 149.2, 187.6)
_539__29_bF$buf0 (1, 262.0, 106.8) (2, 252.4, 6.4) (1, 233.20000000000002, 8.8) (1, 283.59999999999997, 7.6) (1, 283.59999999999997, 7.6)
_524_ (1, 283.59999999999997, 7.6) (1, 362.79999999999995, 146.8) (1, 355.59999999999997, 149.8)
_527_ (1, 355.59999999999997, 149.8) (1, 366.0, 151.6) (1, 356.4, 147.6)
_533_ (1, 356.4, 147.6) (1, 337.2, 130.8) (1, 361.2, 149.6)
_536_ (1, 361.2, 149.6) (1, 338.8, 129.6) (1, 359.4, 148.8)
_537_ (1, 349.2, 127.2) (1, 355.59999999999997, 127.2) (1, 355.59999999999997, 127.2)
_538_ (1, 366.0, 270.8) (1, 377.20000000000005, 132.8) (1, 372.4, 125.6) (1, 372.4, 125.6)
_535_ (1, 353.20000000000005, 151.6) (1, 353.20000000000005, 151.6) (1, 345.20000000000005, 91.6) (1, 350.0, 91.6) (1, 346.8, 131.6)
_1_ (1, 374.0, 130.8) (1, 368.4, 129.8) (1, 368.4, 129.8)
_534_ (1, 350.0, 146.8) (1, 350.0, 146.8) (1, 265.20000000000005, 111.6) (1, 321.2, 130.8) (1, 367.59999999999997, 146.8)
_532_ (1, 348.40000000000003, 151.6) (1, 348.40000000000003, 151.6) (1, 354.8, 91.6) (1, 351.6, 271.6) (1, 370.8, 151.6)
_2_ (1, 375.6, 129.6) (1, 369.2, 127.6) (1, 369.2, 127.6)
_3_ (1, 350.0, 128.8) (1, 356.4, 128.8) (1, 356.4, 128.8)
data_in<6> (1, 356.4, 128.8) (2, 108.39999999999999, 166.4) (1, 334.0, 85.6) (1, 327.59999999999997, 110.8) (1, 202.8, 186.8) (1, 209.2, 265.6) (1, 231.6, 270.8) (1, 190.0, 264.8) (1, 183.6, 267.6) (1, 286.0, 224.8) (1, 332.4, 266.8) (1, 303.59999999999997, 167.8) (1, 318.0, 87.8) (1, 282.79999999999995, 246.8) (1, 281.2, 106.8)
data_in<7> (1, 281.2, 106.8) (2, 134.0, 26.4) (2, 122.8, 26.4) (2, 124.39999999999999, 166.4) (1, 221.20000000000002, 153.6) (1, 185.20000000000002, 187.8) (1, 175.6, 106.8) (1, 132.4, 170.8) (1, 237.20000000000002, 193.6) (1, 366.0, 30.8) (1, 326.8, 87.6) (1, 258.79999999999995, 106.8) (1, 284.40000000000003, 111.6)
_4_ (1, 291.59999999999997, 109.8) (1, 276.4, 106.8) (1, 276.4, 106.8)
_5_ (1, 338.8, 105.6) (1, 340.4, 110.8) (1, 210.79999999999998, 191.6) (1, 242.79999999999998, 265.6) (1, 224.4, 273.6) (1, 282.8, 269.6) (1, 322.79999999999995, 266.8) (1, 271.59999999999997, 106.8) (1, 271.59999999999997, 106.8)
_6_ (1, 209.2, 85.6) (1, 198.0, 90.8) (1, 180.4, 131.6) (1, 175.6, 150.8) (1, 296.4, 173.6) (1, 362.79999999999995, 50.8) (1, 274.8, 111.6) (1, 274.8, 111.6)
_7_ (1, 292.4, 107.6) (1, 279.6, 111.6) (1, 279.6, 111.6)
_8_ (1, 150.8, 93.6) (1, 310.0, 91.6) (1, 305.20000000000005, 89.6) (2, 314.8, 146.4) (1, 358.79999999999995, 133.6) (1, 358.79999999999995, 133.6)
_9_ (1, 364.40000000000003, 132.8) (1, 364.40000000000003, 132.8)
_10_ (1, 310.0, 109.6) (1, 316.4, 109.6) (1, 316.4, 109.6)
data_in<1> (1, 316.4, 109.6) (1, 313.2, 206.8) (1, 334.79999999999995, 233.6) (1, 173.2, 67.6) (1, 233.20000000000002, 26.8) (1, 204.4, 26.8) (1, 231.6, 251.6) (2, 278.0, 6.4) (1, 206.0, 269.6) (1, 212.4, 249.6) (1, 297.2, 264.8) (1, 319.59999999999997, 166.8) (1, 326.0, 144.8) (1, 304.4, 127.6) (1, 293.2, 127.6)
_11_ (1, 286.0, 106.8) (1, 295.59999999999997, 105.6) (1, 314.8, 131.6) (1, 314.8, 131.6)
_539_<24> (1, 308.4, 269.6) (1, 305.20000000000005, 249.6) (2, 66.8, 86.4) (1, 137.20000000000002, 6.8) (2, 233.2, 226.4) (1, 290.79999999999995, 226.8) (1, 263.59999999999997, 226.8) (1, 206.0, 244.8) (1, 134.0, 11.2) (1, 164.4, 268.8) (1, 303.6, 231.6) (1, 302.4, 188.4) (1, 166.0, 124.8) (1, 167.6, 184.8) (1, 262.0, 186.8) (1, 311.59999999999997, 126.8)
_12_ (1, 319.6, 131.6) (1, 319.6, 131.6)
_13_ (1, 284.40000000000003, 231.6) (1, 258.79999999999995, 226.8) (1, 199.6, 229.6) (1, 170.8, 144.8) (1, 166.0, 169.6) (1, 306.79999999999995, 126.8) (1, 306.79999999999995, 126.8)
_14_ (1, 306.79999999999995, 86.8) (1, 302.0, 84.8) (1, 310.0, 131.6) (1, 310.0, 131.6)
_15_ (1, 316.4, 126.8) (1, 316.4, 126.8)
_16_ (1, 325.2, 113.6) (1, 340.40000000000003, 132.8) (1, 340.40000000000003, 132.8)
_17_ (1, 311.6, 112.8) (1, 318.0, 112.8) (1, 318.0, 112.8)
_18_ (1, 174.8, 93.6) (1, 289.20000000000005, 111.6) (2, 300.40000000000003, 106.4) (1, 314.79999999999995, 110.8) (1, 314.79999999999995, 110.8)
_19_ (1, 362.8, 129.6) (1, 362.8, 129.6)
_20_ (1, 384.4, 133.6) (1, 384.4, 133.6)
_521_ (1, 384.4, 133.6) (1, 382.0, 128.8)
_0_<1> (1, 382.0, 128.8) (1, 382.0, 128.8)
_539_<2> (1, 168.4, 93.6) (1, 217.20000000000002, 51.2) (1, 172.4, 8.8) (1, 186.8, 64.8)
_21_ (1, 157.20000000000002, 93.6) (1, 214.0, 68.8) (1, 214.0, 68.8)
_539_<26> (2, 327.6, 166.4) (1, 96.4, 87.6) (1, 103.60000000000001, 67.8) (1, 212.4, 109.6) (1, 242.8, 124.8) (1, 254.0, 131.6) (1, 186.8, 86.8) (1, 380.4, 211.2) (1, 377.2, 248.8) (1, 169.2, 129.6) (1, 162.8, 164.8) (1, 234.79999999999998, 111.6) (1, 250.8, 86.8) (1, 330.79999999999995, 146.8) (2, 124.39999999999999, 106.4)
data_in<2> (2, 124.39999999999999, 106.4) (1, 128.4, 27.6) (1, 228.4, 6.8) (1, 207.6, 31.6) (2, 246.0, 26.4) (1, 142.0, 84.8) (1, 159.6, 84.8) (1, 57.199999999999996, 47.8) (2, 92.39999999999999, 46.4) (1, 238.0, 86.8) (1, 271.59999999999997, 47.8) (2, 233.2, 46.4) (1, 292.4, 66.8) (1, 182.0, 46.8) (1, 337.2, 7.8) (2, 330.8, 66.4) (1, 130.0, 107.6)
_22_ (1, 53.2, 187.6) (2, 14.0, 186.4) (1, 320.4, 147.6) (1, 306.0, 107.6) (1, 306.0, 107.6)
_23_ (1, 308.4, 110.8) (1, 308.4, 110.8)
_24_ (1, 313.2, 89.6) (1, 313.2, 89.6)
_25_ (1, 352.4, 133.6) (1, 352.4, 133.6)
_26_ (1, 314.8, 92.8) (1, 314.8, 92.8)
_27_ (1, 216.4, 73.6) (1, 216.4, 73.6)
_0_<2> (1, 216.4, 73.6) (1, 216.4, 73.6)
_539_<3> (1, 349.2, 167.6) (1, 378.79999999999995, 111.2) (1, 364.4, 248.8) (1, 372.4, 266.8)
_28_ (1, 378.79999999999995, 86.8) (1, 378.79999999999995, 86.8)
_29_ (1, 354.8, 268.8) (1, 258.8, 129.6) (1, 247.6, 151.6) (1, 183.6, 111.6) (1, 174.0, 149.6) (1, 170.79999999999998, 189.6) (1, 230.0, 111.6) (1, 252.4, 111.6) (1, 252.4, 111.6)
_539_<25> (1, 295.59999999999997, 226.8) (1, 310.0, 151.6) (2, 167.6, 66.4) (1, 41.199999999999996, 206.8) (2, 95.6, 26.4) (1, 226.79999999999998, 31.6) (1, 218.8, 26.8) (1, 281.2, 226.8) (1, 266.8, 231.6) (1, 196.4, 224.8) (1, 319.6, 225.6) (1, 38.0, 211.2) (1, 6.0, 128.8) (1, 311.59999999999997, 205.6) (1, 231.6, 106.8) (1, 249.20000000000002, 106.8)
_30_ (1, 243.6, 89.8) (1, 276.40000000000003, 89.6) (1, 260.4, 86.8) (1, 260.4, 86.8)
_530_ (1, 300.40000000000003, 251.6) (1, 300.40000000000003, 251.6) (1, 241.2, 31.6) (1, 217.2, 31.6) (1, 294.0, 231.6) (1, 262.0, 231.6) (1, 209.2, 249.6) (1, 305.2, 205.6) (1, 306.8, 225.6) (1, 226.8, 106.8) (1, 254.0, 91.6)
_31_ (1, 244.4, 87.6) (1, 274.6, 88.8) (1, 263.6, 91.6) (1, 263.6, 91.6)
_32_ (1, 310.0, 45.6) (1, 297.20000000000005, 52.8) (1, 242.79999999999998, 69.6) (1, 226.79999999999998, 71.6) (1, 343.6, 51.6) (1, 343.6, 51.6)
_33_ (1, 340.4, 46.8) (1, 340.4, 46.8)
_34_ (1, 350.0, 50.8) (1, 356.4, 50.8) (1, 356.4, 50.8)
_35_ (1, 247.60000000000002, 109.6) (1, 239.6, 111.6) (1, 239.6, 111.6)
_36_ (1, 245.8, 108.8) (1, 236.4, 106.8) (1, 236.4, 106.8)
_37_ (1, 313.20000000000005, 69.6) (1, 348.40000000000003, 51.6) (1, 265.20000000000005, 51.6) (1, 234.8, 66.8) (1, 343.6, 29.6) (1, 348.40000000000003, 31.6) (1, 348.40000000000003, 31.6)
_38_ (1, 340.4, 24.8) (1, 345.2, 26.8) (1, 345.2, 26.8)
_39_ (1, 351.6, 49.6) (1, 356.4, 24.8) (1, 358.0, 49.6) (1, 358.0, 49.6)
_539_<27> (2, 68.39999999999999, 206.4) (1, 52.4, 227.8) (1, 194.0, 187.6) (1, 177.20000000000002, 126.8) (1, 145.2, 89.6) (1, 182.0, 84.8) (1, 246.0, 204.8) (1, 33.199999999999996, 111.2) (1, 82.80000000000001, 268.8) (1, 287.59999999999997, 166.8) (1, 262.0, 166.8) (1, 155.6, 153.6) (1, 138.8, 106.8) (1, 171.6, 173.6) (1, 322.8, 171.6) (1, 329.20000000000005, 149.6)
_40_ (1, 322.79999999999995, 144.8) (1, 331.59999999999997, 127.2) (1, 331.59999999999997, 127.2)
_41_ (1, 314.79999999999995, 166.8) (1, 322.8, 129.6) (1, 327.59999999999997, 124.8) (1, 327.59999999999997, 124.8)
_42_ (1, 332.4, 128.8) (1, 332.4, 128.8)
_43_ (1, 338.79999999999995, 66.8) (1, 345.2, 69.6) (1, 345.2, 69.6)
_44_ (1, 318.0, 171.6) (1, 324.40000000000003, 132.8) (1, 324.40000000000003, 132.8)
_45_ (1, 342.0, 71.6) (1, 343.59999999999997, 67.6) (1, 343.59999999999997, 67.6)
_46_ (1, 363.59999999999997, 33.6) (1, 359.6, 52.8) (1, 359.6, 52.8)
_47_ (1, 367.6, 29.6) (1, 367.6, 29.6)
_48_ (1, 360.4, 27.2) (1, 350.8, 27.2) (1, 350.8, 27.2)
_49_ (1, 361.2, 28.8) (1, 351.6, 28.8) (1, 351.6, 28.8)
_50_ (1, 353.20000000000005, 52.8) (1, 354.0, 33.6) (1, 354.0, 33.6)
_51_ (1, 369.20000000000005, 32.8) (1, 369.20000000000005, 32.8)
_52_ (1, 372.40000000000003, 52.8) (1, 372.40000000000003, 52.8)
_53_ (1, 364.4, 49.6) (1, 364.4, 49.6)
_54_ (1, 366.0, 52.8) (1, 366.0, 52.8)
_55_ (1, 370.8, 49.6) (1, 370.8, 49.6)
_56_ (1, 382.0, 91.6) (1, 382.0, 91.6)
_0_<3> (1, 382.0, 91.6) (1, 382.0, 91.6)
_539_<4> (1, 251.6, 27.6) (1, 290.79999999999995, 31.2) (1, 260.4, 8.8) (1, 294.0, 24.8)
_57_ (1, 298.8, 28.8) (1, 298.8, 28.8)
data_in<0> (1, 298.8, 28.8) (1, 249.20000000000002, 264.8) (1, 306.79999999999995, 146.8) (1, 72.4, 87.6) (1, 228.4, 246.8) (2, 143.6, 186.4) (1, 151.6, 187.8) (1, 153.20000000000002, 267.8) (2, 142.0, 246.4) (2, 110.0, 46.4) (1, 73.2, 47.8) (1, 202.8, 264.8) (1, 210.8, 247.6) (1, 292.4, 264.8) (1, 294.8, 247.6)
_58_ (1, 366.8, 227.6) (1, 350.8, 227.6) (1, 350.8, 227.6)
_59_ (1, 236.4, 31.6) (1, 231.6, 31.6) (1, 177.20000000000002, 84.8) (1, 185.2, 89.6) (1, 233.20000000000002, 86.8) (1, 218.8, 66.8) (1, 218.8, 66.8)
_60_ (1, 81.2, 128.8) (1, 126.0, 149.6) (1, 79.60000000000001, 144.8) (1, 257.2, 206.8) (1, 236.4, 211.6) (1, 265.20000000000005, 171.6) (1, 222.0, 71.6) (1, 222.0, 71.6)
_61_ (1, 306.0, 49.8) (1, 294.0, 50.8) (1, 303.6, 51.6) (1, 303.6, 51.6)
_62_ (1, 306.8, 47.6) (1, 295.6, 49.6) (1, 300.4, 46.8) (1, 300.4, 46.8)
_63_ (1, 310.0, 64.8) (1, 345.2, 46.8) (2, 361.20000000000005, 226.4) (1, 342.0, 227.8) (1, 342.0, 227.8)
_64_ (1, 322.79999999999995, 210.8) (1, 322.79999999999995, 210.8)
_65_ (1, 150.79999999999998, 167.2) (1, 157.2, 167.2) (1, 144.39999999999998, 167.2) (1, 168.39999999999998, 167.2) (1, 168.39999999999998, 167.2)
_66_ (1, 151.6, 168.8) (1, 158.0, 168.8) (1, 145.2, 168.8) (1, 169.2, 168.8) (1, 169.2, 168.8)
_67_ (1, 177.2, 149.6) (1, 174.0, 166.8) (1, 174.0, 166.8)
_68_ (1, 137.2, 88.8) (1, 178.79999999999998, 111.6) (1, 180.4, 89.6) (1, 162.79999999999998, 89.6) (1, 249.2, 171.6) (1, 147.6, 173.6) (1, 168.4, 153.6) (1, 168.4, 153.6)
_69_ (1, 158.79999999999998, 147.2) (1, 146.0, 147.2) (1, 152.39999999999998, 147.2) (1, 165.2, 147.2) (1, 165.2, 147.2)
_70_ (1, 159.6, 148.8) (1, 146.8, 148.8) (1, 153.2, 148.8) (1, 166.0, 148.8) (1, 166.0, 148.8)
_71_ (1, 178.79999999999998, 152.8) (1, 177.2, 171.6) (1, 177.2, 171.6)
_72_ (1, 318.0, 185.6) (1, 310.0, 192.8) (1, 310.0, 192.8)
data_in<4> (1, 310.0, 192.8) (1, 184.39999999999998, 67.6) (1, 185.20000000000002, 104.8) (1, 191.6, 87.6) (1, 262.0, 146.8) (1, 231.6, 126.8) (1, 381.2, 147.6) (1, 191.6, 226.8) (1, 197.20000000000002, 253.6) (1, 241.2, 91.6) (1, 280.4, 47.6) (1, 238.79999999999998, 47.6) (1, 231.6, 189.6) (1, 241.2, 169.6) (1, 295.59999999999997, 184.8) (1, 335.6, 271.6) (1, 313.2, 266.8)
_73_ (1, 150.79999999999998, 267.6) (1, 257.2, 146.8) (1, 226.79999999999998, 151.6) (1, 175.6, 250.8) (1, 159.6, 246.8) (1, 236.4, 91.6) (1, 302.0, 169.6) (1, 326.0, 271.6) (1, 319.59999999999997, 186.8) (1, 326.4, 188.4) (1, 326.4, 188.4)
_74_ (1, 322.8, 191.6) (1, 324.4, 184.8) (1, 324.4, 184.8)
_75_ (1, 314.0, 189.8) (1, 306.79999999999995, 190.8) (1, 306.79999999999995, 190.8)
_76_ (1, 314.8, 187.6) (1, 308.4, 189.6) (1, 308.4, 189.6)
_77_ (1, 324.4, 209.6) (1, 324.4, 209.6)
_78_ (1, 134.0, 169.6) (1, 138.8, 166.8) (1, 138.8, 166.8)
_79_ (1, 135.6, 172.8) (1, 142.0, 171.6) (1, 142.0, 171.6)
_80_ (1, 340.4, 205.6) (1, 345.20000000000005, 212.8) (1, 345.20000000000005, 212.8)
_81_ (1, 327.59999999999997, 266.8) (1, 338.8, 269.6) (1, 338.8, 269.6)
_82_ (1, 330.8, 271.6) (1, 337.2, 267.6) (1, 337.2, 267.6)
_83_ (1, 342.0, 246.8) (1, 356.40000000000003, 249.6) (1, 359.59999999999997, 267.6) (1, 346.8, 271.6) (1, 372.40000000000003, 231.6) (1, 372.40000000000003, 231.6)
_84_ (1, 336.4, 209.8) (1, 342.0, 210.8) (1, 342.0, 210.8)
_85_ (1, 298.8, 189.6) (1, 337.2, 226.8) (1, 337.2, 226.8)
_86_ (1, 322.79999999999995, 250.8) (1, 333.2, 253.6) (1, 340.40000000000003, 231.6) (1, 340.40000000000003, 231.6)
_87_ (1, 337.2, 207.6) (1, 343.6, 209.6) (1, 343.6, 209.6)
_88_ (1, 326.0, 212.8) (1, 326.0, 212.8)
_89_ (1, 318.0, 209.6) (1, 318.0, 209.6)
_90_ (1, 333.2, 213.6) (1, 333.2, 213.6)
_91_ (1, 330.0, 207.2) (1, 330.0, 207.2)
_92_ (1, 330.8, 208.8) (1, 330.8, 208.8)
_93_ (1, 319.6, 212.8) (1, 319.6, 212.8)
_94_ (1, 301.2, 33.6) (1, 301.2, 33.6)
_0_<4> (1, 301.2, 33.6) (1, 301.2, 33.6)
_539_<5> (1, 203.6, 153.6) (1, 183.6, 164.8) (1, 134.0, 271.2) (1, 178.8, 268.8) (1, 102.0, 246.8)
_95_ (1, 106.80000000000001, 246.8) (1, 106.80000000000001, 246.8)
_522_ (1, 318.0, 264.8) (1, 331.59999999999997, 227.2) (1, 331.59999999999997, 227.2) (1, 307.59999999999997, 247.2) (1, 330.0, 247.2) (1, 321.20000000000005, 227.6) (1, 308.40000000000003, 227.6)
_523_ (1, 321.20000000000005, 269.6) (1, 332.4, 228.8) (1, 332.4, 228.8) (1, 308.4, 248.8) (1, 330.8, 248.8) (1, 322.8, 229.6) (1, 310.0, 229.6)
_96_ (1, 285.2, 207.2) (1, 285.2, 207.2)
_97_ (1, 301.2, 209.8) (1, 307.59999999999997, 209.8) (1, 307.59999999999997, 209.8)
_98_ (1, 302.0, 207.6) (1, 308.4, 207.6) (1, 308.4, 207.6)
_99_ (1, 286.0, 208.8) (1, 286.0, 208.8)
_100_ (1, 257.2, 166.8) (1, 286.0, 169.6) (1, 272.4, 169.8) (1, 272.4, 169.8)
_101_ (1, 260.40000000000003, 171.6) (1, 284.2, 168.8) (1, 273.2, 167.6) (1, 273.2, 167.6)
_102_ (1, 260.40000000000003, 211.6) (1, 244.4, 211.6) (1, 249.2, 191.6) (1, 249.2, 191.6)
_103_ (1, 242.0, 109.8) (1, 254.0, 106.8) (1, 276.40000000000003, 189.6) (1, 278.0, 169.6) (1, 278.0, 169.6)
_104_ (1, 242.8, 107.6) (1, 257.2, 111.6) (1, 274.6, 188.8) (1, 276.2, 168.8) (1, 276.2, 168.8)
_105_ (1, 289.2, 208.8) (1, 289.2, 208.8)
_106_ (1, 271.6, 187.6) (1, 279.6, 187.6) (1, 279.6, 187.6)
_539_<0> (1, 81.2, 226.8) (2, 95.6, 226.4) (1, 79.6, 271.2) (1, 92.4, 268.8)
crc_out<0> (1, 92.4, 268.8) (1, 92.4, 268.8)
_539_<1> (1, 374.0, 244.8) (1, 372.4, 147.8) (1, 383.59999999999997, 171.2) (1, 380.4, 268.8)
crc_out<1> (1, 380.4, 268.8) (1, 380.4, 268.8)
crc_out<2> (1, 380.4, 268.8) (1, 380.4, 268.8)
crc_out<3> (1, 380.4, 268.8) (1, 380.4, 268.8)
crc_out<4> (1, 380.4, 268.8) (1, 380.4, 268.8)
crc_out<5> (1, 380.4, 268.8) (1, 380.4, 268.8)
_539_<6> (1, 120.4, 153.6) (1, 76.4, 144.8) (1, 74.8, 149.6) (1, 72.4, 127.6) (1, 271.59999999999997, 126.8) (1, 303.59999999999997, 151.2) (1, 10.8, 128.8)
crc_out<6> (1, 10.8, 128.8) (1, 10.8, 128.8)
_539_<7> (1, 131.6, 47.6) (1, 82.80000000000001, 26.8) (1, 79.6, 31.2) (1, 92.4, 8.8)
crc_out<7> (1, 92.4, 8.8) (1, 92.4, 8.8)
_539_<8> (1, 142.79999999999998, 207.6) (1, 82.80000000000001, 246.8) (1, 79.6, 251.2) (1, 87.60000000000001, 268.8)
crc_out<8> (1, 87.60000000000001, 268.8) (1, 87.60000000000001, 268.8)
_539_<9> (1, 294.8, 7.6) (1, 335.59999999999997, 26.8) (1, 334.0, 11.2) (1, 297.2, 8.8)
crc_out<9> (1, 297.2, 8.8) (1, 297.2, 8.8)
_539_<10> (1, 19.6, 187.6) (1, 20.4, 124.8) (1, 33.199999999999996, 151.2) (1, 1.2000000000000002, 168.8)
crc_out<10> (1, 1.2000000000000002, 168.8) (1, 1.2000000000000002, 168.8)
_539_<11> (1, 61.2, 227.6) (1, 36.4, 246.8) (1, 33.199999999999996, 251.2) (1, 1.2000000000000002, 228.8)
crc_out<11> (1, 1.2000000000000002, 228.8) (1, 1.2000000000000002, 228.8)
_539_<12> (1, 131.6, 247.6) (1, 145.20000000000002, 204.8) (1, 140.4, 231.2) (1, 134.0, 248.8)
crc_out<12> (1, 134.0, 248.8) (1, 134.0, 248.8)
_539_<13> (1, 50.0, 87.6) (1, 39.6, 66.8) (1, 38.0, 91.2) (1, 1.2000000000000002, 88.8)
crc_out<13> (1, 1.2000000000000002, 88.8) (1, 1.2000000000000002, 88.8)
_539_<14> (1, 14.799999999999999, 67.6) (1, 17.2, 46.8) (1, 54.0, 51.2) (1, 1.2000000000000002, 68.8)
crc_out<14> (1, 1.2000000000000002, 68.8) (1, 1.2000000000000002, 68.8)
_539_<15> (1, 342.0, 86.8) (1, 348.4, 266.8) (1, 375.59999999999997, 84.8) (1, 382.0, 71.2) (1, 369.2, 248.8)
crc_out<15> (1, 369.2, 248.8) (1, 369.2, 248.8)
_539_<16> (1, 333.2, 167.6) (1, 335.59999999999997, 166.8) (1, 369.2, 191.2) (1, 378.79999999999995, 188.8)
crc_out<16> (1, 378.79999999999995, 188.8) (1, 378.79999999999995, 188.8)
_539_<17> (1, 67.6, 167.6) (1, 81.2, 6.8) (1, 73.19999999999999, 11.2) (1, 76.4, 8.8)
crc_out<17> (1, 76.4, 8.8) (1, 76.4, 8.8)
_539_<18> (1, 72.4, 227.6) (1, 47.6, 226.8) (1, 38.0, 231.2) (1, 1.2000000000000002, 208.8)
crc_out<18> (1, 1.2000000000000002, 208.8) (1, 1.2000000000000002, 208.8)
_539_<19> (1, 175.6, 26.8) (1, 164.4, 4.8) (1, 167.6, 6.8) (1, 36.4, 26.8) (1, 33.199999999999996, 11.2) (1, 36.4, 8.8)
crc_out<19> (1, 36.4, 8.8) (1, 36.4, 8.8)
_539_<20> (1, 61.2, 87.6) (1, 42.8, 266.8) (1, 33.199999999999996, 271.2) (1, 1.2000000000000002, 128.8)
crc_out<20> (1, 1.2000000000000002, 128.8) (1, 1.2000000000000002, 128.8)
_539_<21> (1, 64.4, 187.6) (1, 39.6, 186.8) (1, 38.0, 171.2) (1, 1.2000000000000002, 188.8)
crc_out<21> (1, 1.2000000000000002, 188.8) (1, 1.2000000000000002, 188.8)
_539_<22> (1, 26.0, 67.6) (1, 6.0, 46.8) (1, 33.199999999999996, 31.2) (1, 1.2000000000000002, 48.8)
crc_out<22> (1, 1.2000000000000002, 48.8) (1, 1.2000000000000002, 48.8)
_539_<23> (1, 258.0, 7.6) (1, 378.79999999999995, 24.8) (1, 380.4, 11.2) (1, 265.2, 8.8)
crc_out<23> (1, 265.2, 8.8) (1, 265.2, 8.8)
crc_out<24> (1, 265.2, 8.8) (1, 265.2, 8.8)
crc_out<25> (1, 265.2, 8.8) (1, 265.2, 8.8)
crc_out<26> (1, 265.2, 8.8) (1, 265.2, 8.8)
crc_out<27> (1, 265.2, 8.8) (1, 265.2, 8.8)
crc_out<28> (1, 265.2, 8.8) (1, 265.2, 8.8)
crc_out<29> (1, 265.2, 8.8) (1, 265.2, 8.8)
crc_out<30> (1, 265.2, 8.8) (1, 265.2, 8.8)
crc_out<31> (1, 265.2, 8.8) (1, 265.2, 8.8)
_0_<0> (1, 265.2, 8.8) (1, 265.2, 8.8)
vdd (1, 265.2, 8.8) (1, 265.2, 8.8) (1, 265.2, 8.8) (1, 265.2, 8.8) (1, 265.2, 8.8) (1, 265.2, 8.8) (1, 265.2, 8.8) (1, 265.2, 8.8) (1, 265.2, 8.8) (1, 265.2, 8.8) (1, 265.2, 8.8) (1, 265.2, 8.8) (1, 265.2, 8.8) (1, 265.2, 8.8) (1, 265.2, 8.8) (1, 265.2, 8.8) (1, 265.2, 8.8) (1, 265.2, 8.8) (1, 265.2, 8.8) (1, 265.2, 8.8) (1, 265.2, 8.8) (1, 265.2, 8.8) (1, 265.2, 8.8) (1, 265.2, 8.8) (1, 265.2, 8.8) (1, 265.2, 8.8) (1, 265.2, 8.8) (1, 265.2, 8.8) (1, 265.2, 8.8) (1, 265.2, 8.8) (1, 265.2, 8.8) (1, 265.2, 8.8)
_0_<5> (1, 265.2, 8.8) (1, 265.2, 8.8)
_0_<6> (1, 265.2, 8.8) (1, 265.2, 8.8)
_0_<7> (1, 265.2, 8.8) (1, 265.2, 8.8)
_0_<8> (1, 265.2, 8.8) (1, 265.2, 8.8)
_0_<9> (1, 265.2, 8.8) (1, 265.2, 8.8)
_0_<10> (1, 265.2, 8.8) (1, 265.2, 8.8)
_0_<11> (1, 265.2, 8.8) (1, 265.2, 8.8)
_0_<12> (1, 265.2, 8.8) (1, 265.2, 8.8)
_0_<13> (1, 265.2, 8.8) (1, 265.2, 8.8)
_0_<14> (1, 265.2, 8.8) (1, 265.2, 8.8)
_0_<15> (1, 265.2, 8.8) (1, 265.2, 8.8)
_0_<16> (1, 265.2, 8.8) (1, 265.2, 8.8)
_0_<17> (1, 265.2, 8.8) (1, 265.2, 8.8)
_0_<18> (1, 265.2, 8.8) (1, 265.2, 8.8)
_0_<19> (1, 265.2, 8.8) (1, 265.2, 8.8)
_0_<20> (1, 265.2, 8.8) (1, 265.2, 8.8)
_0_<21> (1, 265.2, 8.8) (1, 265.2, 8.8)
_0_<22> (1, 265.2, 8.8) (1, 265.2, 8.8)
_0_<23> (1, 265.2, 8.8) (1, 265.2, 8.8)
_0_<24> (1, 265.2, 8.8) (1, 265.2, 8.8)
_0_<25> (1, 265.2, 8.8) (1, 265.2, 8.8)
_0_<26> (1, 265.2, 8.8) (1, 265.2, 8.8)
_0_<27> (1, 265.2, 8.8) (1, 265.2, 8.8)
_0_<28> (1, 265.2, 8.8) (1, 265.2, 8.8)
_0_<29> (1, 265.2, 8.8) (1, 265.2, 8.8)
_0_<30> (1, 265.2, 8.8) (1, 265.2, 8.8)
_0_<31> (1, 265.2, 8.8) (1, 265.2, 8.8)
_107_ (1, 270.8, 189.8) (1, 278.8, 189.8) (1, 278.8, 189.8)
_108_ (1, 271.6, 87.6) (1, 255.6, 86.8) (1, 281.2, 167.6) (1, 284.40000000000003, 189.6) (1, 284.40000000000003, 189.6)
_109_ (1, 270.8, 89.8) (1, 258.8, 91.6) (1, 280.4, 169.8) (1, 282.6, 188.8) (1, 282.6, 188.8)
_110_ (1, 290.8, 207.6) (1, 290.8, 207.6)
_111_ (1, 282.8, 211.6) (1, 273.2, 207.6) (1, 273.2, 207.6)
_112_ (1, 293.2, 207.2) (1, 293.2, 207.2)
_113_ (1, 294.0, 208.8) (1, 294.0, 208.8)
_114_ (1, 298.8, 207.6) (1, 298.8, 207.6)
_115_ (1, 297.2, 208.8) (1, 297.2, 208.8)
_116_ (1, 279.59999999999997, 206.8) (1, 274.8, 209.6) (1, 274.8, 209.6)
_117_ (1, 262.0, 252.8) (1, 262.0, 252.8)
data_in<5> (1, 262.0, 252.8) (1, 139.6, 27.6) (1, 207.6, 186.8) (1, 188.4, 109.6) (1, 193.2, 89.6) (1, 265.20000000000005, 151.6) (1, 223.6, 146.8) (1, 312.4, 27.6) (1, 136.4, 147.6) (1, 291.59999999999997, 47.6) (1, 193.2, 269.6) (1, 185.2, 269.6) (1, 154.8, 206.8) (1, 279.59999999999997, 264.8)
_118_ (1, 285.2, 267.2) (1, 285.2, 267.2)
_119_ (1, 250.0, 47.6) (1, 51.599999999999994, 107.6) (1, 206.0, 191.6) (1, 260.40000000000003, 151.6) (1, 234.79999999999998, 131.6) (1, 289.20000000000005, 229.6) (1, 289.20000000000005, 229.6)
_120_ (1, 286.0, 268.8) (1, 286.0, 268.8)
_529_ (1, 297.2, 246.8) (1, 297.2, 246.8) (1, 244.4, 266.8) (1, 300.40000000000003, 269.6)
_121_ (1, 290.8, 267.6) (1, 290.8, 267.6)
_525_ (1, 353.2, 226.8) (1, 353.2, 226.8) (1, 246.79999999999998, 7.6) (1, 231.6, 11.6) (1, 228.4, 26.8) (1, 247.6, 271.6) (1, 295.6, 269.6)
_122_ (1, 289.2, 268.8) (1, 289.2, 268.8)
_123_ (1, 274.0, 269.8) (1, 260.40000000000003, 271.6) (1, 262.0, 270.8) (1, 262.0, 270.8)
_124_ (1, 194.0, 207.2) (1, 191.6, 209.6) (1, 196.4, 268.8) (1, 196.4, 268.8)
_125_ (1, 194.8, 208.8) (1, 188.4, 204.8) (1, 195.6, 267.2) (1, 195.6, 267.2)
_126_ (1, 212.39999999999998, 269.6) (1, 222.0, 268.8) (1, 201.20000000000002, 267.6) (1, 201.20000000000002, 267.6)
_127_ (1, 210.79999999999998, 267.6) (1, 221.2, 267.2) (1, 199.6, 268.8) (1, 199.6, 268.8)
_128_ (1, 274.8, 267.6) (1, 257.2, 266.8) (1, 263.6, 269.6) (1, 263.6, 269.6)
_129_ (1, 293.2, 167.2) (1, 293.2, 167.2)
_130_ (1, 294.0, 168.8) (1, 294.0, 168.8)
_131_ (1, 246.79999999999998, 249.8) (1, 252.4, 250.8) (1, 244.4, 251.6) (1, 244.4, 251.6)
_132_ (1, 226.79999999999998, 189.6) (1, 234.8, 188.8) (1, 234.8, 188.8)
_133_ (1, 223.6, 184.8) (1, 234.0, 187.2) (1, 234.0, 187.2)
_134_ (1, 247.6, 247.6) (1, 254.0, 249.6) (1, 241.20000000000002, 246.8) (1, 241.20000000000002, 246.8)
_135_ (1, 278.0, 265.6) (1, 265.20000000000005, 272.8) (1, 265.20000000000005, 272.8)
_136_ (1, 258.79999999999995, 250.8) (1, 258.79999999999995, 250.8)
_137_ (1, 250.79999999999998, 245.6) (1, 255.6, 252.8) (1, 255.6, 252.8)
_138_ (1, 260.4, 249.6) (1, 260.4, 249.6)
_139_ (1, 273.20000000000005, 252.8) (1, 273.20000000000005, 252.8)
_140_ (1, 280.4, 253.6) (1, 280.4, 253.6)
_141_ (1, 278.0, 248.8) (1, 278.0, 248.8)
_142_ (1, 277.2, 247.2) (1, 277.2, 247.2)
_143_ (1, 271.6, 249.6) (1, 271.6, 249.6)
_144_ (1, 110.0, 251.6) (1, 110.0, 251.6)
_145_ (1, 276.4, 126.8) (1, 276.4, 126.8)
_146_ (1, 239.6, 64.8) (1, 228.4, 70.8) (1, 228.4, 70.8)
_147_ (1, 178.79999999999998, 31.6) (1, 174.0, 31.6) (1, 246.0, 65.6) (1, 223.6, 66.8) (1, 223.6, 66.8)
_148_ (1, 230.0, 69.6) (1, 230.0, 69.6)
_149_ (1, 162.79999999999998, 11.6) (1, 170.79999999999998, 11.6) (1, 260.4, 45.6) (1, 238.0, 71.6) (1, 238.0, 71.6)
_150_ (1, 231.6, 72.8) (1, 231.6, 72.8)
_151_ (1, 287.6, 91.6) (1, 287.6, 91.6)
_152_ (1, 262.0, 46.8) (1, 282.0, 93.6) (1, 282.0, 93.6)
_153_ (1, 278.8, 87.2) (1, 278.8, 87.2)
_154_ (1, 279.6, 88.8) (1, 279.6, 88.8)
_155_ (1, 284.4, 86.8) (1, 284.4, 86.8)
_156_ (1, 292.40000000000003, 92.8) (1, 292.40000000000003, 92.8)
_157_ (1, 298.8, 65.6) (1, 289.2, 64.8) (1, 299.59999999999997, 93.6) (1, 299.59999999999997, 93.6)
_158_ (1, 302.0, 69.6) (1, 297.2, 88.8) (1, 297.2, 88.8)
_159_ (1, 300.40000000000003, 67.6) (1, 296.4, 87.2) (1, 296.4, 87.2)
_160_ (1, 289.2, 90.8) (1, 289.2, 90.8)
_161_ (1, 281.2, 65.6) (1, 282.79999999999995, 70.8) (1, 282.79999999999995, 70.8)
_162_ (1, 278.0, 67.6) (1, 284.4, 69.6) (1, 284.4, 69.6)
_163_ (1, 277.2, 69.8) (1, 286.0, 72.8) (1, 286.0, 72.8)
_164_ (1, 290.8, 89.6) (1, 290.8, 89.6)
_165_ (1, 273.20000000000005, 72.8) (1, 273.20000000000005, 72.8)
_166_ (1, 249.20000000000002, 89.6) (1, 249.20000000000002, 89.6)
_167_ (1, 247.4, 88.8) (1, 247.4, 88.8)
_168_ (1, 247.6, 67.6) (1, 252.4, 44.8) (1, 252.4, 44.8)
_169_ (1, 256.4, 49.8) (1, 256.4, 49.8)
_170_ (1, 257.2, 47.6) (1, 257.2, 47.6)
_171_ (1, 258.0, 67.2) (1, 258.0, 67.2)
_172_ (1, 249.2, 69.6) (1, 249.2, 69.6)
_173_ (1, 258.8, 68.8) (1, 258.8, 68.8)
_174_ (1, 263.6, 67.6) (1, 263.6, 67.6)
_175_ (1, 262.0, 68.8) (1, 262.0, 68.8)
_176_ (1, 271.6, 69.6) (1, 271.6, 69.6)
_177_ (1, 279.6, 131.6) (1, 279.6, 131.6)
_178_ (1, 87.60000000000001, 26.8) (1, 87.60000000000001, 26.8)
_179_ (1, 84.4, 46.8) (1, 60.4, 66.8) (1, 60.4, 66.8)
_180_ (1, 55.6, 66.8) (1, 63.6, 71.6) (1, 63.6, 71.6)
_181_ (1, 73.2, 67.6) (1, 66.0, 69.8) (1, 66.0, 69.8)
_182_ (2, 55.6, 86.4) (1, 58.800000000000004, 71.6) (1, 71.6, 51.6) (1, 71.6, 51.6)
_183_ (1, 87.6, 51.6) (1, 68.4, 46.8) (1, 68.4, 46.8)
_184_ (1, 72.4, 69.8) (1, 66.8, 67.6) (1, 66.8, 67.6)
_185_ (1, 136.4, 133.6) (1, 89.2, 65.6) (1, 79.60000000000001, 104.8) (1, 70.0, 65.6) (1, 70.0, 65.6)
_186_ (1, 91.60000000000001, 67.2) (1, 91.60000000000001, 67.2)
_187_ (1, 85.2, 69.8) (1, 78.8, 69.8) (1, 78.8, 69.8)
_188_ (1, 86.0, 67.6) (1, 79.6, 67.6) (1, 79.6, 67.6)
_189_ (1, 130.0, 133.6) (1, 76.4, 65.6) (1, 82.8, 65.6) (1, 82.8, 65.6)
_190_ (1, 92.4, 68.8) (1, 92.4, 68.8)
_191_ (1, 105.2, 107.6) (1, 111.60000000000001, 106.8) (1, 111.60000000000001, 106.8)
_192_ (1, 106.8, 109.6) (1, 114.8, 111.6) (1, 114.8, 111.6)
_193_ (1, 94.80000000000001, 73.6) (1, 94.80000000000001, 73.6)
_194_ (1, 102.0, 49.6) (1, 102.0, 49.6)
_195_ (1, 98.0, 67.2) (1, 98.0, 67.2)
_196_ (1, 98.8, 68.8) (1, 98.8, 68.8)
_197_ (1, 101.2, 73.6) (1, 101.2, 73.6)
_198_ (1, 103.6, 52.8) (1, 103.6, 52.8)
_199_ (1, 90.8, 31.6) (1, 90.8, 31.6)
_200_ (1, 316.40000000000003, 251.6) (1, 335.59999999999997, 250.8) (1, 190.8, 253.6) (1, 164.4, 250.8) (1, 164.4, 250.8)
_201_ (1, 200.39999999999998, 247.2) (1, 187.6, 247.2) (1, 194.0, 247.2) (1, 194.0, 247.2)
_202_ (1, 201.2, 248.8) (1, 188.4, 248.8) (1, 194.8, 248.8) (1, 194.8, 248.8)
_203_ (1, 174.0, 266.8) (1, 166.0, 249.6) (1, 166.0, 249.6)
_204_ (1, 252.4, 229.6) (1, 257.2, 231.6) (1, 257.2, 231.6)
_205_ (1, 250.6, 228.8) (1, 254.0, 226.8) (1, 254.0, 226.8)
_206_ (1, 226.79999999999998, 251.6) (1, 174.0, 251.6) (1, 162.79999999999998, 251.6) (1, 162.79999999999998, 251.6)
_207_ (1, 177.2, 271.6) (1, 167.6, 252.8) (1, 167.6, 252.8)
_208_ (1, 172.4, 230.8) (1, 166.0, 230.8) (1, 166.0, 230.8)
_209_ (1, 310.79999999999995, 253.6) (1, 350.79999999999995, 253.6) (1, 170.8, 246.8) (1, 169.20000000000002, 266.8) (1, 169.20000000000002, 266.8)
_210_ (1, 172.4, 271.6) (1, 172.4, 271.6)
_211_ (1, 175.6, 232.8) (1, 169.2, 232.8) (1, 169.2, 232.8)
_212_ (1, 177.20000000000002, 207.8) (2, 169.2, 206.4) (1, 143.6, 227.8) (2, 158.0, 226.4) (2, 158.0, 226.4)
_213_ (1, 152.39999999999998, 227.6) (1, 163.6, 227.6) (1, 163.6, 227.6)
_214_ (1, 167.6, 229.6) (1, 167.6, 229.6)
_215_ (1, 150.0, 246.8) (1, 150.0, 246.8)
_216_ (1, 182.0, 246.8) (1, 177.2, 249.6) (1, 177.2, 249.6)
_217_ (1, 185.2, 251.6) (1, 178.79999999999998, 252.8) (1, 178.79999999999998, 252.8)
_218_ (1, 185.20000000000002, 230.8) (1, 178.8, 230.8) (1, 178.8, 230.8)
_219_ (1, 194.79999999999998, 231.6) (1, 194.79999999999998, 231.6)
_220_ (1, 188.4, 232.8) (1, 182.0, 232.8) (1, 182.0, 232.8)
_221_ (1, 180.4, 229.6) (1, 180.4, 229.6)
_222_ (1, 153.2, 251.6) (1, 153.2, 251.6)
_223_ (1, 89.2, 248.8) (1, 89.2, 248.8)
_224_ (1, 91.60000000000001, 253.6) (1, 91.60000000000001, 253.6)
_225_ (1, 330.79999999999995, 26.8) (1, 330.79999999999995, 26.8)
_226_ (1, 316.4, 65.6) (1, 315.59999999999997, 53.6) (1, 330.79999999999995, 44.8) (1, 330.79999999999995, 44.8)
_227_ (1, 338.8, 45.6) (1, 324.4, 50.8) (1, 324.4, 50.8)
_228_ (1, 335.6, 47.6) (1, 326.0, 49.6) (1, 326.0, 49.6)
_229_ (1, 334.8, 49.8) (1, 327.6, 52.8) (1, 327.6, 52.8)
_230_ (1, 318.0, 30.8) (1, 318.0, 30.8)
_231_ (1, 318.0, 67.6) (1, 312.4, 47.2) (1, 312.4, 47.2)
_232_ (1, 319.59999999999997, 69.6) (1, 313.2, 48.8) (1, 313.2, 48.8)
_233_ (1, 319.6, 29.6) (1, 319.6, 29.6)
_234_ (2, 289.20000000000005, 6.4) (2, 306.8, 26.4) (2, 306.8, 26.4)
_235_ (1, 322.0, 53.6) (1, 314.79999999999995, 24.8) (1, 314.79999999999995, 24.8)
_236_ (1, 321.20000000000005, 32.8) (1, 321.20000000000005, 32.8)
_237_ (1, 326.0, 29.6) (1, 326.0, 29.6)
_238_ (1, 319.6, 48.8) (1, 319.6, 48.8)
_239_ (1, 318.8, 47.2) (1, 318.8, 47.2)
_240_ (1, 327.6, 32.8) (1, 327.6, 32.8)
_241_ (1, 334.0, 31.6) (1, 334.0, 31.6)
_242_ (1, 25.2, 128.8) (1, 25.2, 128.8)
_243_ (1, 162.0, 153.6) (1, 160.4, 173.6) (1, 160.4, 173.6)
_244_ (1, 139.6, 149.8) (1, 143.4, 128.8) (1, 143.4, 128.8)
_245_ (2, 137.2, 206.4) (1, 154.0, 173.6) (1, 149.20000000000002, 153.6) (1, 149.20000000000002, 153.6)
_246_ (1, 140.4, 147.6) (1, 145.20000000000002, 129.6) (1, 145.20000000000002, 129.6)
_247_ (1, 171.6, 87.2) (1, 165.2, 87.2) (1, 165.2, 87.2)
_248_ (1, 172.4, 88.8) (1, 166.0, 88.8) (1, 166.0, 88.8)
_249_ (1, 158.79999999999998, 129.8) (1, 146.8, 126.8) (1, 139.6, 129.8) (1, 139.6, 129.8)
_250_ (1, 147.6, 87.2) (1, 154.8, 88.8) (1, 154.8, 88.8)
_251_ (1, 148.4, 88.8) (1, 154.0, 87.2) (1, 154.0, 87.2)
_252_ (1, 159.6, 127.6) (1, 150.0, 131.6) (1, 140.4, 127.6) (1, 140.4, 127.6)
_253_ (1, 126.8, 127.2) (1, 126.8, 127.2)
_254_ (1, 164.4, 129.6) (1, 152.39999999999998, 129.8) (1, 152.39999999999998, 129.8)
_255_ (1, 162.6, 128.8) (1, 153.2, 127.6) (1, 153.2, 127.6)
_256_ (1, 143.6, 145.6) (1, 156.39999999999998, 125.6) (1, 156.39999999999998, 125.6)
_257_ (1, 127.6, 128.8) (1, 127.6, 128.8)
_258_ (1, 121.2, 129.6) (1, 121.2, 129.6)
_259_ (1, 133.2, 127.2) (1, 133.2, 127.2)
_260_ (1, 134.0, 128.8) (1, 134.0, 128.8)
_261_ (1, 122.8, 132.8) (1, 122.8, 132.8)
_262_ (1, 27.6, 133.6) (1, 27.6, 133.6)
_263_ (1, 186.0, 207.6) (1, 174.79999999999998, 207.6) (1, 174.79999999999998, 207.6)
_264_ (1, 174.0, 229.6) (1, 174.0, 229.6)
_265_ (1, 154.8, 246.8) (1, 154.8, 246.8)
_266_ (1, 186.8, 229.6) (1, 186.8, 229.6)
_267_ (1, 158.0, 251.6) (1, 158.0, 251.6)
_268_ (1, 42.8, 248.8) (1, 42.8, 248.8)
_269_ (1, 45.199999999999996, 253.6) (1, 45.199999999999996, 253.6)
_270_ (1, 150.0, 208.8) (1, 150.0, 208.8)
_271_ (1, 203.6, 253.6) (1, 203.6, 253.6)
_272_ (1, 217.20000000000002, 250.8) (1, 217.20000000000002, 250.8)
_273_ (1, 246.79999999999998, 229.8) (1, 241.20000000000002, 226.8) (1, 241.20000000000002, 226.8)
_274_ (1, 247.6, 227.6) (1, 244.4, 231.6) (1, 244.4, 231.6)
_275_ (1, 223.6, 246.8) (1, 223.6, 246.8)
_276_ (1, 218.8, 249.6) (1, 218.8, 249.6)
_277_ (1, 239.6, 267.6) (1, 233.2, 269.6) (1, 233.2, 269.6)
_278_ (1, 238.79999999999998, 269.8) (1, 234.79999999999998, 272.8) (1, 234.79999999999998, 272.8)
_279_ (1, 230.0, 271.6) (1, 230.0, 271.6)
_280_ (1, 226.8, 266.8) (1, 226.8, 266.8)
_281_ (1, 220.4, 252.8) (1, 220.4, 252.8)
_282_ (1, 220.4, 210.8) (1, 218.79999999999998, 211.6) (1, 218.79999999999998, 211.6)
_283_ (1, 274.0, 229.8) (1, 274.0, 229.8)
_284_ (1, 274.8, 227.6) (1, 274.8, 227.6)
_285_ (1, 279.6, 229.6) (1, 279.6, 229.6)
_286_ (1, 277.8, 228.8) (1, 277.8, 228.8)
_287_ (1, 239.60000000000002, 247.6) (1, 239.60000000000002, 247.6)
_288_ (1, 238.0, 248.8) (1, 238.0, 248.8)
_289_ (1, 234.0, 247.2) (1, 234.0, 247.2)
_290_ (1, 234.8, 248.8) (1, 234.8, 248.8)
_291_ (1, 222.0, 209.6) (1, 215.6, 206.8) (1, 215.6, 206.8)
_292_ (1, 210.8, 206.8) (1, 210.8, 206.8)
_293_ (1, 214.0, 110.8) (1, 234.8, 144.8) (1, 234.8, 144.8)
_294_ (1, 232.4, 153.6) (1, 232.4, 153.6)
_295_ (1, 218.0, 129.8) (1, 224.39999999999998, 129.8) (1, 224.39999999999998, 129.8)
_296_ (1, 218.8, 127.6) (1, 225.2, 127.6) (1, 225.2, 127.6)
_297_ (1, 170.8, 106.8) (1, 230.0, 129.6) (1, 230.0, 129.6)
_298_ (1, 122.80000000000001, 144.8) (1, 88.4, 153.6) (1, 238.0, 26.8) (1, 222.0, 31.6) (1, 246.0, 129.6) (1, 244.4, 146.8) (1, 190.0, 91.6) (1, 190.0, 91.6)
_299_ (1, 174.0, 111.6) (1, 228.2, 128.8) (1, 228.2, 128.8)
_300_ (1, 229.2, 147.2) (1, 229.2, 147.2)
_301_ (1, 250.8, 147.6) (1, 250.8, 147.6)
_302_ (1, 250.0, 149.8) (1, 250.0, 149.8)
_303_ (1, 247.6, 124.8) (1, 255.60000000000002, 149.6) (1, 255.60000000000002, 149.6)
_304_ (1, 253.8, 148.8) (1, 253.8, 148.8)
_305_ (1, 230.0, 148.8) (1, 230.0, 148.8)
_306_ (1, 218.8, 186.8) (1, 214.0, 189.6) (1, 214.0, 189.6)
_307_ (1, 195.6, 107.2) (1, 202.0, 107.2) (1, 193.2, 109.6) (1, 193.2, 109.6)
_308_ (1, 196.4, 108.8) (1, 202.8, 108.8) (1, 190.0, 104.8) (1, 190.0, 104.8)
_309_ (1, 227.6, 227.6) (1, 210.0, 133.6) (1, 212.4, 144.8) (1, 240.4, 133.6) (1, 240.4, 133.6)
_310_ (1, 237.2, 127.2) (1, 237.2, 127.2)
_311_ (1, 238.0, 128.8) (1, 238.0, 128.8)
_312_ (1, 217.2, 112.8) (1, 217.2, 112.8)
_313_ (1, 206.0, 108.8) (1, 206.0, 108.8)
_314_ (1, 207.60000000000002, 107.6) (1, 207.60000000000002, 107.6)
_315_ (1, 215.6, 109.6) (1, 215.6, 109.6)
_316_ (1, 222.0, 191.6) (1, 212.4, 187.6) (1, 212.4, 187.6)
_317_ (1, 214.0, 211.6) (1, 214.0, 211.6)
_318_ (1, 162.79999999999998, 212.8) (1, 162.79999999999998, 212.8)
_319_ (1, 223.6, 212.8) (1, 223.6, 212.8)
_320_ (1, 161.2, 209.6) (1, 161.2, 209.6)
_321_ (1, 152.4, 213.6) (1, 152.4, 213.6)
_322_ (1, 48.4, 73.6) (1, 48.4, 73.6)
_323_ (1, 204.4, 9.6) (1, 198.0, 30.8) (1, 206.0, 6.8) (1, 206.0, 6.8)
_324_ (1, 202.6, 8.8) (1, 199.6, 29.6) (1, 209.2, 11.6) (1, 209.2, 11.6)
_325_ (1, 209.20000000000002, 26.8) (1, 209.20000000000002, 26.8)
_326_ (1, 198.79999999999998, 9.8) (1, 210.8, 6.8) (1, 210.8, 6.8)
_327_ (1, 199.6, 7.6) (1, 214.0, 11.6) (1, 214.0, 11.6)
_328_ (1, 212.4, 31.6) (1, 212.4, 31.6)
_329_ (1, 182.0, 29.6) (1, 182.0, 29.6)
_330_ (1, 226.8, 9.6) (1, 215.6, 6.8) (1, 215.6, 6.8)
_331_ (1, 225.0, 8.8) (1, 218.79999999999998, 11.6) (1, 218.79999999999998, 11.6)
_332_ (2, 190.0, 26.4) (1, 201.2, 32.8) (1, 201.2, 32.8)
_333_ (1, 183.6, 32.8) (1, 183.6, 32.8)
_334_ (1, 177.20000000000002, 4.8) (1, 180.4, 30.8) (1, 180.4, 30.8)
_335_ (1, 170.8, 47.6) (1, 180.4, 51.6) (1, 180.4, 51.6)
_336_ (1, 181.2, 7.2) (1, 181.2, 7.2)
_337_ (1, 221.2, 9.8) (1, 221.2, 9.8)
_338_ (1, 222.0, 7.6) (1, 222.0, 7.6)
_339_ (1, 182.0, 8.8) (1, 182.0, 8.8)
_340_ (1, 184.4, 13.6) (1, 184.4, 13.6)
_341_ (1, 172.4, 49.6) (1, 177.20000000000002, 46.8) (1, 177.20000000000002, 46.8)
_342_ (1, 148.4, 64.8) (1, 148.4, 64.8)
_343_ (1, 186.8, 170.8) (1, 186.8, 170.8)
_344_ (1, 193.20000000000002, 166.8) (1, 188.4, 169.6) (1, 188.4, 169.6)
_345_ (1, 196.4, 171.6) (1, 190.0, 172.8) (1, 190.0, 172.8)
_346_ (1, 188.4, 147.6) (1, 198.0, 151.6) (1, 198.0, 151.6)
_347_ (1, 206.79999999999998, 127.2) (1, 215.6, 129.6) (1, 201.2, 148.8) (1, 201.2, 148.8)
_348_ (1, 207.6, 128.8) (1, 212.4, 124.8) (1, 200.39999999999998, 147.2) (1, 200.39999999999998, 147.2)
_349_ (1, 190.0, 149.6) (1, 194.8, 146.8) (1, 194.8, 146.8)
_350_ (1, 196.4, 129.6) (1, 196.4, 129.6)
_351_ (1, 168.39999999999998, 107.6) (1, 195.6, 27.6) (1, 186.79999999999998, 125.6) (1, 191.6, 132.8) (1, 191.6, 132.8)
_352_ (1, 182.79999999999998, 129.8) (1, 188.4, 130.8) (1, 188.4, 130.8)
_353_ (1, 183.6, 127.6) (1, 190.0, 129.6) (1, 190.0, 129.6)
_354_ (1, 198.0, 132.8) (1, 198.0, 132.8)
_355_ (1, 201.2, 185.6) (1, 197.20000000000002, 213.6) (1, 197.20000000000002, 213.6)
_356_ (1, 194.8, 130.8) (1, 194.8, 130.8)
_357_ (1, 150.0, 109.6) (1, 154.8, 106.8) (1, 154.8, 106.8)
_358_ (1, 186.0, 153.6) (1, 186.0, 153.6)
_359_ (1, 197.2, 189.8) (1, 197.2, 189.8)
_360_ (1, 198.0, 187.6) (1, 198.0, 187.6)
_361_ (1, 183.6, 148.8) (1, 183.6, 148.8)
_362_ (1, 182.79999999999998, 147.2) (1, 182.79999999999998, 147.2)
_363_ (1, 148.4, 107.6) (1, 158.0, 111.6) (1, 158.0, 111.6)
_364_ (1, 151.6, 69.6) (1, 151.6, 69.6)
_365_ (1, 45.2, 67.2) (1, 45.2, 67.2)
_366_ (1, 142.79999999999998, 67.2) (1, 142.79999999999998, 67.2)
_367_ (1, 143.6, 68.8) (1, 143.6, 68.8)
_368_ (1, 46.0, 68.8) (1, 46.0, 68.8)
_369_ (1, 34.8, 66.8) (1, 34.8, 66.8)
_370_ (1, 98.80000000000001, 84.8) (1, 111.60000000000001, 85.6) (1, 118.0, 90.8) (1, 118.0, 90.8)
_371_ (1, 124.4, 86.8) (1, 108.4, 87.6) (1, 119.6, 89.6) (1, 119.6, 89.6)
_372_ (1, 127.6, 91.6) (1, 107.60000000000001, 89.8) (1, 121.19999999999999, 92.8) (1, 121.19999999999999, 92.8)
_373_ (1, 81.2, 90.8) (1, 87.60000000000001, 104.8) (1, 87.60000000000001, 104.8)
_374_ (1, 95.60000000000001, 108.8) (1, 95.60000000000001, 108.8)
_375_ (1, 97.2, 107.6) (1, 97.2, 107.6)
_376_ (1, 98.80000000000001, 130.8) (1, 111.60000000000001, 124.8) (1, 97.2, 125.6) (1, 97.2, 125.6)
_377_ (1, 78.0, 131.6) (1, 78.0, 131.6)
_378_ (1, 89.19999999999999, 132.8) (1, 93.2, 129.8) (1, 93.2, 129.8)
_379_ (1, 85.2, 147.2) (1, 85.2, 147.2)
_380_ (1, 90.80000000000001, 146.8) (1, 82.8, 149.6) (1, 82.8, 149.6)
_381_ (1, 86.0, 148.8) (1, 86.0, 148.8)
_382_ (1, 87.6, 129.6) (1, 94.0, 127.6) (1, 94.0, 127.6)
_383_ (1, 91.60000000000001, 107.2) (1, 91.60000000000001, 107.2)
_384_ (1, 86.0, 130.8) (1, 110.0, 125.6) (1, 110.0, 125.6)
_385_ (1, 118.0, 148.8) (1, 118.0, 148.8)
_386_ (1, 117.2, 147.2) (1, 117.2, 147.2)
_387_ (1, 100.4, 129.6) (1, 106.8, 127.6) (1, 106.8, 127.6)
_388_ (1, 94.0, 151.6) (1, 94.0, 151.6)
_389_ (1, 102.0, 132.8) (1, 106.0, 129.8) (1, 106.0, 129.8)
_390_ (1, 92.4, 108.8) (1, 92.4, 108.8)
_391_ (1, 78.0, 92.8) (1, 78.0, 92.8)
_392_ (1, 102.0, 86.8) (1, 102.0, 86.8)
_393_ (1, 105.19999999999999, 91.6) (1, 105.19999999999999, 91.6)
_394_ (1, 82.8, 89.6) (1, 82.8, 89.6)
_395_ (1, 82.80000000000001, 106.8) (1, 82.80000000000001, 106.8)
_396_ (1, 86.0, 111.6) (1, 86.0, 111.6)
_397_ (1, 84.39999999999999, 92.8) (1, 84.39999999999999, 92.8)
_398_ (1, 76.4, 89.6) (1, 76.4, 89.6)
_399_ (1, 38.0, 71.6) (1, 38.0, 71.6)
_400_ (1, 351.59999999999997, 86.8) (1, 346.79999999999995, 86.8) (1, 364.4, 88.8) (1, 364.4, 88.8)
_401_ (1, 190.0, 67.8) (2, 204.4, 66.4) (2, 204.4, 66.4)
_402_ (1, 198.79999999999998, 67.6) (1, 210.0, 67.6) (1, 210.0, 67.6)
_403_ (1, 214.0, 92.8) (1, 214.0, 92.8)
_404_ (1, 215.6, 149.6) (1, 215.6, 149.6)
_405_ (1, 218.8, 148.8) (1, 218.8, 148.8)
_406_ (1, 198.8, 113.6) (1, 222.0, 125.6) (1, 222.0, 125.6)
_407_ (1, 218.0, 147.2) (1, 218.0, 147.2)
_408_ (1, 212.4, 89.6) (1, 212.4, 89.6)
_409_ (1, 205.2, 89.8) (1, 201.2, 92.8) (1, 201.2, 92.8)
_410_ (1, 206.0, 87.6) (1, 199.6, 89.6) (1, 199.6, 89.6)
_411_ (1, 217.20000000000002, 84.8) (1, 210.8, 90.8) (1, 210.8, 90.8)
_412_ (1, 228.4, 89.6) (1, 228.4, 89.6)
_413_ (1, 224.4, 93.6) (1, 224.4, 93.6)
_414_ (1, 221.2, 87.2) (1, 221.2, 87.2)
_415_ (1, 222.0, 88.8) (1, 222.0, 88.8)
_416_ (1, 230.0, 92.8) (1, 230.0, 92.8)
_417_ (1, 366.79999999999995, 93.6) (1, 366.79999999999995, 93.6)
_418_ (2, 222.0, 226.4) (2, 222.0, 226.4)
_419_ (2, 202.79999999999998, 206.4) (2, 202.79999999999998, 206.4)
_420_ (1, 208.39999999999998, 207.6) (1, 208.39999999999998, 207.6)
_421_ (1, 332.4, 188.8) (1, 332.4, 188.8)
_422_ (1, 334.79999999999995, 193.6) (1, 334.79999999999995, 193.6)
_423_ (1, 195.6, 7.6) (1, 195.6, 7.6)
_424_ (2, 190.0, 6.4) (2, 190.0, 6.4)
_425_ (1, 87.6, 8.8) (1, 87.6, 8.8)
_426_ (1, 90.0, 13.6) (1, 90.0, 13.6)
_427_ (1, 30.8, 187.6) (1, 30.8, 187.6)
_428_ (1, 38.8, 127.6) (2, 55.6, 126.4) (1, 81.2, 167.8) (1, 81.2, 167.8)
_517_ (2, 73.19999999999999, 166.4) (2, 73.19999999999999, 166.4) (1, 90.0, 167.6)
_429_ (2, 70.0, 186.4) (2, 25.200000000000003, 186.4) (2, 25.200000000000003, 186.4)
_430_ (1, 42.8, 228.8) (1, 42.8, 228.8)
_431_ (1, 45.199999999999996, 233.6) (1, 45.199999999999996, 233.6)
_432_ (2, 44.4, 126.4) (2, 44.4, 126.4)
_433_ (1, 50.0, 127.6) (1, 50.0, 127.6)
_434_ (1, 42.8, 28.8) (1, 42.8, 28.8)
_435_ (1, 45.199999999999996, 33.6) (1, 45.199999999999996, 33.6)
_436_ (2, 145.2, 266.4) (2, 145.2, 266.4)
_437_ (1, 38.0, 268.8) (1, 38.0, 268.8)
_438_ (1, 40.4, 273.6) (1, 40.4, 273.6)
_439_ (2, 46.0, 106.4) (2, 46.0, 106.4)
_440_ (1, 42.8, 168.8) (1, 42.8, 168.8)
_441_ (1, 45.199999999999996, 173.6) (1, 45.199999999999996, 173.6)
_518_ (1, 78.8, 167.6) (1, 78.8, 167.6) (1, 6.0, 67.8)
_442_ (1, 12.4, 48.8) (1, 12.4, 48.8)
_443_ (1, 14.8, 53.6) (1, 14.8, 53.6)
_444_ (1, 374.0, 28.8) (1, 374.0, 28.8)
_445_ (1, 335.6, 107.6) (1, 342.0, 109.6) (1, 342.0, 109.6)
_446_ (1, 334.8, 109.8) (1, 343.6, 112.8) (1, 343.6, 112.8)
_447_ (1, 367.6, 269.6) (1, 367.6, 269.6)
_448_ (1, 330.0, 89.8) (1, 330.8, 112.8) (1, 330.8, 112.8)
_449_ (1, 330.8, 87.6) (1, 329.2, 109.6) (1, 329.2, 109.6)
_450_ (1, 369.20000000000005, 272.8) (1, 369.20000000000005, 272.8)
_451_ (1, 370.8, 89.6) (1, 370.8, 89.6)
_452_ (1, 322.0, 107.2) (1, 322.0, 107.2)
_453_ (1, 322.8, 108.8) (1, 322.8, 108.8)
_454_ (1, 372.40000000000003, 92.8) (1, 372.40000000000003, 92.8)
_455_ (1, 376.4, 33.6) (1, 376.4, 33.6)
_456_ (2, 241.2, 6.4) (2, 241.2, 6.4)
_457_ (1, 157.2, 7.6) (1, 157.2, 7.6)
_458_ (2, 106.8, 26.4) (2, 106.8, 26.4)
_459_ (1, 112.4, 27.6) (1, 112.4, 27.6)
_460_ (2, 151.6, 6.4) (2, 151.6, 6.4)
_461_ (1, 143.6, 8.8) (1, 143.6, 8.8)
_462_ (1, 146.0, 13.6) (1, 146.0, 13.6)
_463_ (2, 58.800000000000004, 186.4) (2, 66.8, 226.4) (2, 62.0, 166.4) (2, 62.0, 166.4)
_464_ (1, 44.4, 187.8) (1, 44.4, 187.8)
_465_ (1, 47.6, 208.8) (1, 47.6, 208.8)
_466_ (1, 50.0, 213.6) (1, 50.0, 213.6)
_526_ (1, 356.40000000000003, 231.6) (1, 356.40000000000003, 231.6) (1, 313.2, 246.8) (1, 353.2, 244.8) (1, 361.2, 269.6) (1, 343.59999999999997, 266.8)
_467_ (1, 338.8, 252.8) (1, 338.8, 252.8)
_468_ (1, 337.2, 249.6) (1, 337.2, 249.6)
_469_ (1, 358.0, 250.8) (1, 358.0, 250.8)
_470_ (1, 348.4, 248.8) (1, 348.4, 248.8)
_471_ (1, 347.59999999999997, 247.2) (1, 347.59999999999997, 247.2)
_472_ (1, 361.20000000000005, 252.8) (1, 361.20000000000005, 252.8)
_473_ (1, 382.0, 229.6) (1, 377.2, 264.8) (1, 377.2, 264.8)
_474_ (1, 359.6, 249.6) (1, 359.6, 249.6)
_475_ (1, 377.20000000000005, 232.8) (1, 377.20000000000005, 232.8)
_476_ (1, 318.0, 246.8) (1, 324.4, 249.6) (1, 324.4, 249.6)
_477_ (1, 321.20000000000005, 251.6) (1, 326.0, 252.8) (1, 326.0, 252.8)
_478_ (1, 380.4, 230.8) (1, 380.4, 230.8)
_479_ (1, 345.20000000000005, 251.6) (1, 345.20000000000005, 251.6)
_480_ (1, 383.6, 232.8) (1, 383.6, 232.8)
_481_ (1, 375.6, 229.6) (1, 375.6, 229.6)
_482_ (1, 357.2, 273.6) (1, 357.2, 273.6)
_483_ (1, 161.2, 32.8) (1, 167.6, 32.8) (1, 167.6, 32.8)
_484_ (1, 159.6, 6.8) (1, 170.8, 26.8) (1, 170.8, 26.8)
_485_ (1, 159.6, 29.6) (1, 166.0, 29.6) (1, 166.0, 29.6)
_486_ (1, 142.0, 30.8) (1, 154.8, 24.8) (1, 164.4, 30.8) (1, 164.4, 30.8)
_487_ (1, 158.79999999999998, 49.8) (1, 158.79999999999998, 49.8)
_488_ (1, 143.6, 29.6) (1, 150.0, 29.6) (1, 150.0, 29.6)
_489_ (1, 145.2, 32.8) (1, 151.6, 32.8) (1, 151.6, 32.8)
_490_ (1, 158.0, 30.8) (1, 148.4, 30.8) (1, 148.4, 30.8)
_491_ (1, 159.6, 47.6) (1, 159.6, 47.6)
_492_ (1, 133.2, 67.6) (1, 162.0, 67.6) (1, 162.0, 67.6)
_493_ (2, 20.400000000000002, 66.4) (1, 124.4, 67.8) (2, 156.4, 66.4) (2, 156.4, 66.4)
_494_ (1, 162.79999999999998, 45.6) (1, 162.79999999999998, 45.6)
_495_ (1, 136.39999999999998, 67.2) (1, 136.39999999999998, 67.2)
_496_ (1, 141.2, 49.8) (1, 141.2, 49.8)
_497_ (1, 142.0, 47.6) (1, 142.0, 47.6)
_498_ (1, 145.2, 45.6) (1, 145.2, 45.6)
_499_ (1, 137.2, 68.8) (1, 137.2, 68.8)
_500_ (1, 139.6, 93.6) (1, 139.6, 93.6)
_501_ (1, 60.4, 106.8) (1, 56.0, 108.4) (1, 56.0, 108.4)
_502_ (2, 162.79999999999998, 106.4) (2, 162.79999999999998, 106.4)
_503_ (1, 63.6, 111.6) (1, 54.0, 104.8) (1, 54.0, 104.8)
_504_ (1, 68.39999999999999, 112.8) (1, 68.39999999999999, 112.8)
_505_ (1, 66.8, 109.6) (1, 66.8, 109.6)
_506_ (1, 83.60000000000001, 133.6) (1, 83.60000000000001, 133.6)
_507_ (1, 75.60000000000001, 187.6) (1, 75.60000000000001, 187.6)
_508_ (1, 84.4, 208.8) (1, 84.4, 208.8)
_509_ (1, 86.80000000000001, 213.6) (1, 86.80000000000001, 213.6)
_510_ (2, 33.2, 126.4) (2, 33.2, 126.4)
_511_ (1, 49.2, 168.8) (1, 49.2, 168.8)
_512_ (1, 51.6, 173.6) (1, 51.6, 173.6)
_513_ (2, 244.4, 46.4) (2, 244.4, 46.4)
_514_ (1, 225.2, 48.8) (1, 225.2, 48.8)
_515_ (1, 227.6, 53.6) (1, 227.6, 53.6)
rst (1, 227.6, 53.6) (1, 94.0, 246.8)
_519_ (1, 76.4, 228.8) (1, 76.4, 228.8)
_520_ (1, 78.80000000000001, 233.6) (1, 78.80000000000001, 233.6)
_528_ (1, 340.4, 149.6) (1, 334.0, 146.8) (1, 334.0, 146.8)
_531_ (1, 338.79999999999995, 147.6) (1, 337.20000000000005, 151.6) (1, 337.20000000000005, 151.6)
